67647
131998
69039
72152
123366
66235
240809
72092
128183
72050
112859
104829
88527
88228
78333
491961
124698
111433
97819
70090
66574
106347
71207
179305
85793
97572
189179
270144
132187
70942
73569
66328
178724
69366
84154
67264
72558
101706
124950
76519
141486
81344
101958
78495
102506
135907
136749
69258
72535
67546
82985
75935
74879
99269
79048
74267
68011
79242
81988
85079
150890
68110
130651
182567
78580
86891
163233
101287
110974
94940
80169
78852
103762
429903
135336
69968
127090
259096
77868
68804
85547
69915
128318
202092
84952
71739
67918
78180
118991
132417
109745
67856
88048
73447
103019
74922
88297
67318
93910
67475
77377
75878
343251
95865
95292
137233
68660
295982
430470
84122
153270
119467
86261
138471
155405
324870
177559
125113
68662
92473
80796
87035
68689
68174
118616
72572
81223
147922
103486
238704
127335
81193
91600
126038
84618
206985
133655
66377
70527
165248
66505
68871
83035
108216
73033
135178
138428
65702
72670
140966
285926
180443
82736
82700
132191
121184
76396
183492
89936
107333
69188
166915
218127
96969
84049
66427
78820
79250
105063
95487
66868
69568
290083
128034
74625
90993
101095
79138
85175
70117
177311
162124
236441
111203
107633
80305
79085
73110
434057
77425
113997
74548
66392
79233
145036
92310
102128
66214
78788
72706
