61510
16155
59054
54068
18495
64161
4854
54159
17131
54222
22099
25614
35916
36160
45873
1163
18102
22668
29417
57298
63508
24888
55513
8755
38242
29566
7865
3857
16109
55928
52005
63980
8812
58498
39746
62212
53466
27211
18029
48074
14061
42539
27077
45684
26788
15239
15052
58681
53498
61695
40874
48815
50203
28564
45047
51033
60853
44826
41874
38886
12363
60677
16490
8445
45585
37282
10564
27437
22856
31228
43795
45271
26144
1523
15368
57497
17427
4193
46422
59459
38462
57584
17095
6892
39003
54693
61020
46053
19880
16053
23371
61131
36308
52179
26522
50145
36104
62112
31917
61824
47014
48889
2389
30628
30998
14946
59708
3213
1519
39776
11982
19722
37828
14680
11655
2667
8928
17982
59705
32916
43118
37158
59657
60563
20006
53445
42666
12864
26283
4940
17360
42698
33547
17719
39312
6570
15757
63886
56589
10308
63641
59344
40825
24036
52773
15404
14689
65206
53300
14165
3443
8645
41120
41156
16108
19167
48229
8360
34800
24433
58802
10103
5916
29935
39846
63790
45308
44817
25500
30871
62952
58161
3345
17171
50544
33996
27541
44944
38799
57253
8953
10709
5035
22762
24297
43647
45005
52660
1494
46955
21660
50649
63857
44836
13381
33033
26987
64202
45344
53247
